
=== f32 ===
   l   r  len     gts_1     mrs_1   ratio   gts_ctx   mrs_ctx   ratio
   2   7   14      30.5      39.5   0.77x      29.1      39.3   0.74x
   2   9   18      37.8      47.3   0.80x      37.4      47.3   0.79x
   2  11   22      43.1      56.6   0.76x      43.4      56.9   0.76x
   2  13   26      53.2      67.8   0.78x      53.2      67.8   0.79x
   2  17   34      70.3      86.1   0.82x      69.8      88.5   0.79x
   2  19   38      78.9      99.6   0.79x      78.6     101.3   0.78x
   2  23   46     101.2     120.0   0.84x     101.1     122.0   0.83x
   2  27   54     223.7     254.6   0.88x     225.4     254.3   0.89x
   2  29   58     141.1     156.2   0.90x     142.5     158.9   0.90x
   2  31   62     166.8     170.1   0.98x     168.4     172.4   0.98x
   3   5   15      34.5      47.2   0.73x      33.4      47.1   0.71x
   3   7   21      49.2      59.2   0.83x      47.0      59.3   0.79x
   3   8   24      45.6      64.4   0.71x      47.5      64.4   0.74x
   3  11   33      67.6      90.2   0.75x      67.0      90.4   0.74x
   3  13   39      81.2     110.0   0.74x      81.9     110.3   0.74x
   3  16   48      86.0     118.1   0.73x      87.1     118.3   0.74x
   3  17   51     107.3     142.1   0.75x     108.7     143.9   0.76x
   3  19   57     123.0     163.3   0.75x     125.8     164.9   0.76x
   3  23   69     159.5     203.0   0.79x     162.9     203.7   0.80x
   3  29   87     228.8     276.6   0.83x     233.4     277.5   0.84x
   3  31   93     261.1     298.4   0.88x     266.2     299.5   0.89x
   3  32   96     170.6     236.3   0.72x     176.6     237.5   0.74x
   4   5   20      40.3      57.1   0.71x      40.2      56.7   0.71x
   4   7   28      52.3      70.7   0.74x      53.7      70.7   0.76x
   4   9   36      68.0      93.5   0.73x      68.0      93.6   0.73x
   4  11   44      81.3     111.4   0.73x      82.6     111.5   0.74x
   4  13   52      98.8     133.1   0.74x     101.0     133.2   0.76x
   4  17   68     133.1     176.1   0.76x     136.5     176.0   0.78x
   4  19   76     150.5     200.4   0.75x     154.7     201.4   0.77x
   4  23   92     197.1     245.2   0.80x     200.8     246.8   0.81x
   4  27  108     451.0     511.7   0.88x     458.4     513.4   0.89x
   4  29  116     290.7     319.5   0.91x     296.4     320.9   0.92x
   4  31  124     338.4     346.0   0.98x     344.0     348.0   0.99x
   5   6   30      56.5      77.3   0.73x      56.4      77.4   0.73x
   5   7   35      68.4      91.0   0.75x      68.4      91.1   0.75x
   5   8   40      75.1     102.2   0.73x      75.2     102.2   0.74x
   5   9   45      91.2     121.0   0.75x      92.5     121.2   0.76x
   5  11   55     109.7     144.7   0.76x     112.1     144.9   0.77x
   5  13   65     132.9     172.6   0.77x     135.9     173.4   0.78x
   5  16   80     148.2     193.9   0.76x     152.4     194.1   0.78x
   5  17   85     177.9     232.5   0.77x     183.0     233.0   0.79x
   5  19   95     205.4     266.9   0.77x     210.1     267.6   0.79x
   5  23  115     279.5     326.3   0.86x     287.7     326.8   0.88x
   5  24  120     233.0     287.8   0.81x     239.2     288.0   0.83x
   5  27  135     582.2     650.9   0.89x     588.1     657.2   0.89x
   5  29  145     401.5     434.5   0.92x     404.7     436.9   0.93x
   5  31  155     457.3     473.0   0.97x     462.6     475.2   0.97x
   5  32  160     320.0     388.3   0.82x     323.9     392.1   0.83x
   6   7   42      75.8     102.0   0.74x      76.6     101.9   0.75x
   6  11   66     121.2     159.3   0.76x     123.8     160.2   0.77x
   6  13   78     146.7     191.2   0.77x     150.9     192.2   0.79x
   6  17  102     208.0     259.2   0.80x     214.0     260.7   0.82x
   6  19  114     238.9     294.7   0.81x     245.4     294.9   0.83x
   6  23  138     314.4     359.8   0.87x     319.9     362.4   0.88x
   6  29  174     445.4     470.7   0.95x     450.3     475.2   0.95x
   6  31  186     513.3     508.9   1.01x     521.0     514.1   1.01x
   7   8   56     101.9     136.7   0.75x     104.5     136.8   0.76x
   7   9   63     124.4     162.9   0.76x     127.9     163.4   0.78x
   7  11   77     150.7     194.0   0.78x     155.4     194.1   0.80x
   7  13   91     181.4     231.8   0.78x     187.6     231.9   0.81x
   7  16  112     218.5     264.7   0.83x     225.5     264.4   0.85x
   7  17  119     263.0     323.2   0.81x     269.6     320.2   0.84x
   7  19  133     300.9     363.5   0.83x     305.3     364.7   0.84x
   7  23  161     389.2     441.2   0.88x     394.5     445.4   0.89x
   7  24  168     327.8     392.1   0.84x     331.1     396.2   0.84x
   7  27  189     810.4     897.5   0.90x     823.1     900.6   0.91x
   7  29  203     548.7     583.4   0.94x     560.9     588.6   0.95x
   7  31  217     635.9     630.0   1.01x     644.4     638.9   1.01x
   7  32  224     440.1     523.0   0.84x     455.5     530.8   0.86x
   8   9   72     135.2     175.4   0.77x     138.5     176.2   0.79x
   8  11   88     162.1     210.0   0.77x     167.9     210.9   0.80x
   8  13  104     208.8     254.1   0.82x     215.1     253.9   0.85x
   8  17  136     288.7     343.4   0.84x     293.7     346.5   0.85x
   8  19  152     328.1     391.9   0.84x     334.2     396.1   0.84x
   8  23  184     424.1     476.3   0.89x     435.1     480.6   0.91x
   8  27  216     919.6    1008.8   0.91x     936.6    1009.0   0.93x
   8  29  232     604.2     621.4   0.97x     613.8     629.6   0.97x
   8  31  248     693.4     671.0   1.03x     704.4     682.7   1.03x
   9  11   99     199.1     252.9   0.79x     205.3     253.3   0.81x
   9  13  117     257.8     308.3   0.84x     264.0     311.3   0.85x
   9  16  144     295.2     347.6   0.85x     298.0     349.6   0.85x
   9  17  153     348.9     413.4   0.84x     354.3     416.0   0.85x
   9  19  171     397.6     470.1   0.85x     406.4     473.8   0.86x
   9  23  207     515.9     577.7   0.89x     527.6     579.3   0.91x
   9  29  261     721.8     755.8   0.95x     733.3     764.6   0.96x
   9  31  279     821.2     819.4   1.00x     839.2     829.3   1.01x
   9  32  288     580.9     686.5   0.85x     601.2     693.6   0.87x
  11  13  143     315.1     370.0   0.85x     321.4     372.5   0.86x
  11  16  176     360.7     419.9   0.86x     368.0     424.7   0.87x
  11  17  187     425.0     496.7   0.86x     434.2     500.7   0.87x
  11  19  209     485.4     565.5   0.86x     498.0     570.6   0.87x
  11  23  253     624.4     691.0   0.90x     637.3     698.4   0.91x
  11  24  264     532.6     620.1   0.86x     544.9     628.2   0.87x
  11  27  297    1290.5    1410.6   0.91x    1309.8    1417.2   0.92x
  11  29  319     870.3     910.1   0.96x     887.6     917.9   0.97x
  11  31  341     992.6     986.3   1.01x    1009.5     996.7   1.01x
  11  32  352     706.4     829.0   0.85x     728.1     841.4   0.87x
  13  16  208     435.4     504.4   0.86x     447.6     507.0   0.88x
  13  17  221     515.6     594.2   0.87x     524.9     597.9   0.88x
  13  19  247     583.0     675.8   0.86x     595.5     680.9   0.87x
  13  23  299     743.5     823.1   0.90x     761.5     830.7   0.92x
  13  24  312     637.3     744.6   0.86x     655.1     751.6   0.87x
  13  27  351    1538.8    1677.3   0.92x    1555.6    1698.3   0.92x
  13  29  377    1036.2    1083.3   0.96x    1050.7    1095.6   0.96x
  13  31  403    1183.1    1173.0   1.01x    1208.7    1186.2   1.02x
  13  32  416     848.6     995.0   0.85x     876.6    1008.5   0.87x
  16  17  272     589.9     688.7   0.86x     601.8     695.0   0.87x
  16  19  304     669.8     786.0   0.85x     683.1     804.0   0.85x
  16  23  368     869.7     967.3   0.90x     886.0     964.0   0.92x
  16  27  432    1846.7    2014.2   0.92x    1874.1    2015.8   0.93x
  16  29  464    1204.9    1253.5   0.96x    1230.7    1265.2   0.97x
  16  31  496    1388.9    1360.3   1.02x    1410.2    1373.7   1.03x
  17  19  323     790.2     906.8   0.87x     806.9     913.7   0.88x
  17  23  391    1000.8    1107.5   0.90x    1025.6    1118.5   0.92x
  17  24  408     881.6    1007.8   0.87x     903.7    1018.2   0.89x
  17  27  459    2067.4    2227.0   0.93x    2094.4    2232.8   0.94x
  17  29  493    1409.5    1452.0   0.97x    1434.0    1467.2   0.98x
  17  31  527    1599.7    1572.2   1.02x    1628.8    1588.8   1.03x
  17  32  544    1176.5    1349.4   0.87x    1202.6    1362.5   0.88x
  19  23  437    1158.4    1256.3   0.92x    1183.0    1269.3   0.93x
  19  24  456    1009.8    1144.5   0.88x    1038.2    1156.5   0.90x
  19  27  513    2343.0    2506.7   0.93x    2363.7    2525.5   0.94x
  19  29  551    1606.1    1645.0   0.98x    1634.6    1661.2   0.98x
  19  31  589    1838.7    1783.3   1.03x    1874.0    1800.6   1.04x
  19  32  608    1352.4    1532.3   0.88x    1390.9    1549.5   0.90x
  23  24  552    1237.4    1473.6   0.84x    1269.1    1484.9   0.85x
  23  27  621    2854.4    3137.6   0.91x    2887.3    3152.6   0.92x
  23  29  667    1963.8    2094.2   0.94x    1995.0    2110.9   0.95x
  23  31  713    2242.2    2269.4   0.99x    2290.4    2288.2   1.00x
  23  32  736    1657.9    1973.1   0.84x    1705.0    1991.8   0.86x
  24  29  696    1804.3    1872.7   0.96x    1830.8    1888.5   0.97x
  24  31  744    2076.6    2032.3   1.02x    2121.8    2048.7   1.04x
  27  29  783    3892.4    3970.0   0.98x    3918.2    3994.0   0.98x
  27  31  837    4322.1    4282.2   1.01x    4366.1    4307.3   1.01x
  27  32  864    3724.4    4013.7   0.93x    3773.8    4036.9   0.93x
  29  31  899    2930.3    3105.0   0.94x    2965.9    3123.2   0.95x
  29  32  928    2204.1    2746.8   0.80x    2256.8    2761.9   0.82x
  31  32  992    2398.0    3133.3   0.77x    2464.9    3147.5   0.78x

f32: GoodThomas wins 127/138 standalone (geomean 0.852x), 126/138 in context (geomean 0.862x)
(ratio below 1.00x means GoodThomasSmall is faster)

=== f64 ===
   l   r  len     gts_1     mrs_1   ratio   gts_ctx   mrs_ctx   ratio
   2   7   14      34.0      47.1   0.72x      34.2      47.1   0.72x
   2   9   18      43.1      58.0   0.74x      43.0      58.0   0.74x
   2  11   22      52.9      71.2   0.74x      52.7      71.0   0.74x
   2  13   26      64.0      84.5   0.76x      63.8      84.8   0.75x
   2  17   34      96.5     120.0   0.80x      98.7     123.9   0.80x
   2  19   38     106.2     138.4   0.77x     110.1     142.2   0.77x
   2  23   46     141.3     181.3   0.78x     145.8     186.3   0.78x
   2  27   54     256.1     299.3   0.86x     260.4     301.8   0.86x
   2  29   58     217.7     276.6   0.79x     224.1     282.9   0.79x
   2  31   62     214.2     267.0   0.80x     221.0     273.3   0.81x
   3   5   15      37.6      52.5   0.72x      37.6      52.6   0.71x
   3   7   21      49.3      69.3   0.71x      49.4      69.4   0.71x
   3   8   24      53.9      75.5   0.71x      54.3      75.9   0.72x
   3  11   33      79.4     109.8   0.72x      81.8     110.0   0.74x
   3  13   39      96.7     130.8   0.74x     100.1     131.3   0.76x
   3  16   48     108.4     149.1   0.73x     112.9     151.5   0.75x
   3  17   51     144.5     186.8   0.77x     150.0     191.7   0.78x
   3  19   57     160.6     216.0   0.74x     166.8     221.1   0.75x
   3  23   69     213.5     283.2   0.75x     220.5     288.9   0.76x
   3  29   87     331.2     431.5   0.77x     340.2     438.8   0.78x
   3  31   93     325.3     421.3   0.77x     334.3     428.5   0.78x
   3  32   96     237.2     320.2   0.74x     246.2     325.8   0.76x
   4   5   20      46.6      65.0   0.72x      46.6      64.9   0.72x
   4   7   28      61.8      86.0   0.72x      62.4      86.0   0.73x
   4   9   36      82.2     112.7   0.73x      85.1     113.2   0.75x
   4  11   44     102.1     140.5   0.73x     106.1     141.6   0.75x
   4  13   52     124.5     167.7   0.74x     129.9     169.6   0.77x
   4  17   68     187.3     240.1   0.78x     194.2     245.1   0.79x
   4  19   76     207.9     278.7   0.75x     215.6     283.3   0.76x
   4  23   92     278.9     368.5   0.76x     288.4     375.4   0.77x
   4  27  108     520.6     601.3   0.87x     532.2     607.6   0.88x
   4  29  116     446.5     559.3   0.80x     459.6     565.5   0.81x
   4  31  124     441.2     543.9   0.81x     454.4     550.6   0.83x
   5   6   30      68.5      93.3   0.73x      68.5      94.1   0.73x
   5   7   35      84.1     113.3   0.74x      85.9     113.7   0.76x
   5   8   40      94.3     127.4   0.74x      95.6     128.9   0.74x
   5   9   45     112.2     148.5   0.76x     114.7     149.1   0.77x
   5  11   55     139.6     184.5   0.76x     144.9     186.8   0.78x
   5  13   65     169.7     221.4   0.77x     176.0     224.1   0.79x
   5  16   80     192.9     252.9   0.76x     201.3     255.4   0.79x
   5  17   85     252.5     315.4   0.80x     261.1     319.7   0.82x
   5  19   95     280.0     368.8   0.76x     290.1     372.9   0.78x
   5  23  115     387.1     479.1   0.81x     399.5     486.3   0.82x
   5  24  120     312.1     391.7   0.80x     325.2     392.1   0.83x
   5  27  135     684.5     778.6   0.88x     698.8     788.6   0.89x
   5  29  145     591.5     728.6   0.81x     606.0     739.4   0.82x
   5  31  155     586.9     712.2   0.82x     603.6     724.6   0.83x
   5  32  160     440.0     545.1   0.81x     458.5     549.9   0.83x
   6   7   42      93.1     126.7   0.73x      95.8     128.1   0.75x
   6  11   66     154.5     206.9   0.75x     161.6     209.2   0.77x
   6  13   78     188.7     248.6   0.76x     196.6     252.0   0.78x
   6  17  102     294.9     360.8   0.82x     305.4     366.2   0.83x
   6  19  114     328.6     417.9   0.79x     341.1     424.4   0.80x
   6  23  138     442.8     553.1   0.80x     455.1     563.1   0.81x
   6  29  174     675.6     837.3   0.81x     694.8     851.6   0.82x
   6  31  186     669.3     815.3   0.82x     689.0     830.2   0.83x
   7   8   56     129.6     173.0   0.75x     135.9     173.6   0.78x
   7   9   63     154.4     201.7   0.77x     160.9     203.7   0.79x
   7  11   77     192.5     251.2   0.77x     198.9     253.9   0.78x
   7  13   91     235.1     305.6   0.77x     244.1     309.7   0.79x
   7  16  112     282.1     353.3   0.80x     294.8     354.6   0.83x
   7  17  119     363.8     440.1   0.83x     377.5     448.4   0.84x
   7  19  133     407.1     510.8   0.80x     421.2     520.4   0.81x
   7  23  161     536.3     665.6   0.81x     553.5     675.6   0.82x
   7  24  168     432.2     537.9   0.80x     450.6     541.8   0.83x
   7  27  189     949.9    1073.8   0.88x     969.6    1085.8   0.89x
   7  29  203     820.5    1002.8   0.82x     841.1    1017.8   0.83x
   7  31  217     812.3     978.7   0.83x     836.9     994.6   0.84x
   7  32  224     611.7     748.3   0.82x     636.8     761.0   0.84x
   8   9   72     171.5     224.7   0.76x     177.8     226.0   0.79x
   8  11   88     213.4     281.2   0.76x     221.7     284.0   0.78x
   8  13  104     275.4     338.5   0.81x     286.6     340.2   0.84x
   8  17  136     409.5     491.8   0.83x     423.5     494.0   0.86x
   8  19  152     454.5     570.8   0.80x     471.1     573.5   0.82x
   8  23  184     605.4     747.0   0.81x     623.7     749.7   0.83x
   8  27  216    1075.7    1229.1   0.88x    1113.7    1242.8   0.90x
   8  29  232     940.5    1133.2   0.83x     952.0    1139.6   0.84x
   8  31  248     916.7    1102.8   0.83x     939.9    1116.4   0.84x
   9  11   99     252.2     327.0   0.77x     262.5     331.1   0.79x
   9  13  117     326.1     400.4   0.81x     339.5     406.7   0.83x
   9  16  144     374.2     461.6   0.81x     389.1     464.5   0.84x
   9  17  153     476.6     571.1   0.83x     491.5     579.9   0.85x
   9  19  171     529.9     660.5   0.80x     547.3     670.6   0.82x
   9  23  207     705.2     862.0   0.82x     728.1     871.4   0.84x
   9  29  261    1070.7    1301.8   0.82x    1097.4    1319.4   0.83x
   9  31  279    1061.5    1271.3   0.83x    1094.3    1290.6   0.85x
   9  32  288     806.2     977.4   0.82x     840.3     993.3   0.85x
  11  13  143     412.7     497.0   0.83x     426.6     505.5   0.84x
  11  16  176     472.9     575.3   0.82x     492.5     579.5   0.85x
  11  17  187     599.7     708.6   0.85x     619.2     719.3   0.86x
  11  19  209     668.4     820.6   0.81x     689.8     831.2   0.83x
  11  23  253     883.2    1070.3   0.83x     905.3    1084.5   0.83x
  11  24  264     723.8     874.7   0.83x     751.4     885.5   0.85x
  11  27  297    1535.6    1718.1   0.89x    1567.3    1732.9   0.90x
  11  29  319    1336.7    1609.7   0.83x    1373.4    1628.9   0.84x
  11  31  341    1328.4    1576.1   0.84x    1361.2    1598.3   0.85x
  11  32  352    1017.8    1217.8   0.84x    1049.8    1235.3   0.85x
  13  16  208     580.1     699.6   0.83x     598.7     701.6   0.85x
  13  17  221     728.8     858.5   0.85x     746.3     866.0   0.86x
  13  19  247     809.8     990.7   0.82x     830.0    1003.7   0.83x
  13  23  299    1069.7    1290.6   0.83x    1098.0    1305.5   0.84x
  13  24  312     883.3    1062.9   0.83x     914.6    1076.7   0.85x
  13  27  351    1846.8    2058.3   0.90x    1871.2    2074.3   0.90x
  13  29  377    1613.2    1938.3   0.83x    1651.6    1958.6   0.84x
  13  31  403    1608.0    1899.7   0.85x    1651.0    1922.9   0.86x
  13  32  416    1242.7    1485.1   0.84x    1284.3    1507.9   0.85x
  16  17  272     850.5    1008.7   0.84x     872.6    1018.7   0.86x
  16  19  304     947.0    1169.6   0.81x     980.7    1183.1   0.83x
  16  23  368    1259.6    1528.1   0.82x    1295.9    1544.4   0.84x
  16  27  432    2206.6    2468.1   0.89x    2252.5    2495.7   0.90x
  16  29  464    1917.9    2317.9   0.83x    1965.6    2339.8   0.84x
  16  31  496    1906.7    2266.5   0.84x    1934.4    2298.4   0.84x
  17  19  323    1173.9    1406.6   0.83x    1202.1    1418.3   0.85x
  17  23  391    1540.4    1822.2   0.85x    1579.0    1836.6   0.86x
  17  24  408    1304.1    1536.9   0.85x    1347.0    1550.3   0.87x
  17  27  459    2579.4    2855.5   0.90x    2631.4    2868.6   0.92x
  17  29  493    2292.3    2710.9   0.85x    2342.7    2727.6   0.86x
  17  31  527    2299.8    2676.7   0.86x    2355.8    2695.4   0.87x
  17  32  544    1829.0    2128.9   0.86x    1884.2    2145.2   0.88x
  19  23  437    1788.1    2037.9   0.88x    1836.2    2055.1   0.89x
  19  24  456    1526.3    1713.9   0.89x    1580.4    1728.8   0.91x
  19  27  513    2963.0    3183.5   0.93x    3005.4    3197.2   0.94x
  19  29  551    2645.1    3023.3   0.87x    2687.6    3044.3   0.88x
  19  31  589    2654.9    2984.7   0.89x    2714.5    3007.4   0.90x
  19  32  608    2136.0    2376.9   0.90x    2203.1    2394.5   0.92x
  23  24  552    2027.8    2248.1   0.90x    2081.1    2261.7   0.92x
  23  27  621    3789.3    4046.7   0.94x    3861.4    4064.5   0.95x
  23  29  667    3415.9    3869.4   0.88x    3480.4    3890.4   0.89x
  23  31  713    3447.3    3837.3   0.90x    3502.6    3857.1   0.91x
  23  32  736    2825.1    3113.4   0.91x    2908.6    3131.0   0.93x
  24  29  696    2940.3    3524.1   0.83x    3012.4    3549.4   0.85x
  24  31  744    2926.8    3453.5   0.85x    3011.4    3486.5   0.86x
  27  29  783    5220.0    5866.7   0.89x    5289.0    5885.5   0.90x
  27  31  837    5329.9    5918.6   0.90x    5433.2    5937.5   0.92x
  27  32  864    4647.4    5110.5   0.91x    4745.8    5126.8   0.93x
  29  31  899    5104.0    5478.3   0.93x    5179.5    5505.1   0.94x
  29  32  928    4346.6    4580.2   0.95x    4451.4    4600.2   0.97x
  31  32  992    4231.4    4609.6   0.92x    4331.7    4623.7   0.94x

f64: GoodThomas wins 138/138 standalone (geomean 0.811x), 138/138 in context (geomean 0.825x)
(ratio below 1.00x means GoodThomasSmall is faster)
